PHY-K309,K311,K312-5cls-28chn validation:
{'acc': 0.5126824766802245, 'f1': 0.5803386059413796, 'kappa': 0.4661395653988637}
PHY-K309,K311,K312-5cls-28chn validation confusion_matrix:
[[0.945  0.0112 0.0015 0.0078 0.0346]
 [0.138  0.501  0.1242 0.0968 0.14  ]
 [0.0952 0.2924 0.1965 0.2147 0.2012]
 [0.1308 0.1059 0.0639 0.338  0.3614]
 [0.15   0.0683 0.0476 0.1512 0.5829]]
testing on K309...
PHY-K309,K311,K312-5cls-28chn test:
{'acc': 0.7511756402500505, 'f1': 0.8219814795949948, 'kappa': 0.709778410245985}
PHY-K309,K311,K312-5cls-28chn test confusion_matrix:
[[0.9357 0.0058 0.     0.     0.0585]
 [0.0345 0.9483 0.0172 0.     0.    ]
 [0.0351 0.2456 0.1053 0.5614 0.0526]
 [0.     0.     0.     0.7667 0.2333]
 [0.     0.     0.     0.     1.    ]]
testing on K311...
PHY-K309,K311,K312-5cls-28chn test:
{'acc': 0.6147833745684423, 'f1': 0.7674685355132507, 'kappa': 0.6186536685122033}
PHY-K309,K311,K312-5cls-28chn test confusion_matrix:
[[0.9882 0.     0.     0.     0.0118]
 [0.     0.3649 0.3919 0.2297 0.0135]
 [0.125  0.4375 0.1875 0.2344 0.0156]
 [0.0811 0.     0.     0.6216 0.2973]
 [0.     0.     0.     0.0882 0.9118]]
testing on K312...
PHY-K309,K311,K312-5cls-28chn test:
{'acc': 0.7363924240646208, 'f1': 0.8154605780603341, 'kappa': 0.6833202977734514}
PHY-K309,K311,K312-5cls-28chn test confusion_matrix:
[[0.9015 0.0215 0.     0.0277 0.0492]
 [0.0435 0.5942 0.1594 0.087  0.1159]
 [0.0417 0.125  0.5694 0.1667 0.0972]
 [0.     0.     0.     0.7105 0.2895]
 [0.0312 0.     0.     0.0625 0.9062]]

 training PHY-K313,K315,K316-5cls-28chn done - time: 0:19:05.466712s
PHY-K313,K315,K316-5cls-28chn validation:
{'acc': 0.4999473291768566, 'f1': 0.5711456356101486, 'kappa': 0.45793484044919097}
PHY-K313,K315,K316-5cls-28chn validation confusion_matrix:
[[0.9512 0.0119 0.0011 0.0082 0.0275]
 [0.149  0.5385 0.1016 0.1065 0.1044]
 [0.1137 0.3336 0.1715 0.209  0.1722]
 [0.1565 0.133  0.0751 0.3036 0.3318]
 [0.1958 0.0649 0.0526 0.1518 0.5349]]
testing on K313...
PHY-K313,K315,K316-5cls-28chn test:
{'acc': 0.6197872524046157, 'f1': 0.7214175300253907, 'kappa': 0.5847983483389545}
PHY-K313,K315,K316-5cls-28chn test confusion_matrix:
[[0.9003 0.074  0.     0.0064 0.0193]
 [0.     0.9206 0.0635 0.0159 0.    ]
 [0.0533 0.1867 0.1467 0.5733 0.04  ]
 [0.25   0.     0.     0.1591 0.5909]
 [0.0278 0.     0.     0.     0.9722]]
testing on K315...
PHY-K313,K315,K316-5cls-28chn test:
{'acc': 0.670474271900541, 'f1': 0.8092827726053526, 'kappa': 0.6876381284497407}
PHY-K313,K315,K316-5cls-28chn test confusion_matrix:
[[1.     0.     0.     0.     0.    ]
 [0.0735 0.6618 0.1176 0.1471 0.    ]
 [0.0959 0.5068 0.2192 0.0959 0.0822]
 [0.1471 0.     0.0294 0.5    0.3235]
 [0.0286 0.     0.     0.     0.9714]]
testing on K316...
PHY-K313,K315,K316-5cls-28chn test:
{'acc': 0.35576135990201063, 'f1': 0.636717714774543, 'kappa': 0.34723156242994846}
PHY-K313,K315,K316-5cls-28chn test confusion_matrix:
[[0.8296 0.0726 0.0196 0.0028 0.0754]
 [0.0441 0.5735 0.0588 0.1324 0.1912]
 [0.1176 0.1029 0.1029 0.2059 0.4706]
 [0.3636 0.0606 0.0303 0.1515 0.3939]
 [0.8788 0.     0.     0.     0.1212]]

PHY-K321,K322,K323-5cls-28chn validation:
{'acc': 0.5174797095425463, 'f1': 0.5886476588596858, 'kappa': 0.47202226080046417}
PHY-K321,K322,K323-5cls-28chn validation confusion_matrix:
[[9.422e-01 1.130e-02 7.000e-04 8.900e-03 3.690e-02]
 [1.417e-01 5.092e-01 1.234e-01 1.125e-01 1.132e-01]
 [1.063e-01 2.905e-01 2.017e-01 2.300e-01 1.715e-01]
 [1.484e-01 9.740e-02 8.350e-02 3.833e-01 2.875e-01]
 [1.578e-01 7.400e-02 4.610e-02 1.711e-01 5.510e-01]]
testing on K321...
PHY-K321,K322,K323-5cls-28chn test:
{'acc': 0.41428571428571426, 'f1': 0.366814032809886, 'kappa': 0.26764314247669774}
PHY-K321,K322,K323-5cls-28chn test confusion_matrix:
[[1.     0.     0.     0.     0.    ]
 [0.3036 0.1429 0.1964 0.1429 0.2143]
 [0.1833 0.1    0.25   0.2167 0.25  ]
 [0.1429 0.     0.1071 0.25   0.5   ]
 [0.4286 0.0357 0.     0.1071 0.4286]]
testing on K322...
PHY-K321,K322,K323-5cls-28chn test:
{'acc': 0.5480659896808965, 'f1': 0.5963208353203487, 'kappa': 0.5039812223526225}
PHY-K321,K322,K323-5cls-28chn test confusion_matrix:
[[0.913  0.0348 0.     0.     0.0522]
 [0.0816 0.7347 0.1224 0.0204 0.0408]
 [0.0741 0.2037 0.0185 0.2222 0.4815]
 [0.     0.     0.     0.2963 0.7037]
 [0.     0.     0.     0.2222 0.7778]]
testing on K323...
PHY-K321,K322,K323-5cls-28chn test:
{'acc': 0.5032377015804126, 'f1': 0.6471319677427545, 'kappa': 0.48384757016124536}
PHY-K321,K322,K323-5cls-28chn test confusion_matrix:
[[0.8944 0.     0.0062 0.0062 0.0932]
 [0.     0.4545 0.1091 0.2364 0.2   ]
 [0.0392 0.1961 0.1569 0.3725 0.2353]
 [0.     0.2    0.     0.64   0.16  ]
 [0.1481 0.     0.     0.4815 0.3704]]

 PHY-K325,K326,K327-5cls-28chn validation:
{'acc': 0.5324503897744091, 'f1': 0.6052490577120452, 'kappa': 0.4831866954259707}
PHY-K325,K326,K327-5cls-28chn validation confusion_matrix:
[[0.9367 0.0081 0.0046 0.0105 0.0401]
 [0.1235 0.454  0.1852 0.1619 0.0754]
 [0.0975 0.25   0.261  0.2775 0.114 ]
 [0.113  0.082  0.0867 0.5093 0.209 ]
 [0.1402 0.0341 0.0744 0.25   0.5012]]
testing on K325...
PHY-K325,K326,K327-5cls-28chn test:
{'acc': 0.44786966815135826, 'f1': 0.38595107659092265, 'kappa': 0.3006321161392589}
PHY-K325,K326,K327-5cls-28chn test confusion_matrix:
[[1.     0.     0.     0.     0.    ]
 [0.1692 0.1077 0.0154 0.5692 0.1385]
 [0.169  0.1831 0.1972 0.4225 0.0282]
 [0.0741 0.0741 0.037  0.7037 0.1111]
 [0.3846 0.     0.2308 0.1538 0.2308]]
testing on K326...
PHY-K325,K326,K327-5cls-28chn test:
{'acc': 0.2590552307879673, 'f1': 0.2456118989581379, 'kappa': 0.12058356337615461}
PHY-K325,K326,K327-5cls-28chn test confusion_matrix:
[[0.9855 0.0145 0.     0.     0.    ]
 [0.375  0.1375 0.125  0.05   0.3125]
 [0.3857 0.0857 0.1429 0.0286 0.3571]
 [0.7429 0.0571 0.1143 0.     0.0857]
 [0.4118 0.3824 0.1176 0.0588 0.0294]]
testing on K327...
PHY-K325,K326,K327-5cls-28chn test:
{'acc': 0.3881478656211118, 'f1': 0.4074614649109335, 'kappa': 0.29503283099357314}
PHY-K325,K326,K327-5cls-28chn test confusion_matrix:
[[0.9891 0.     0.     0.     0.0109]
 [0.137  0.0685 0.1507 0.3973 0.2466]
 [0.1316 0.0789 0.2368 0.5    0.0526]
 [0.0345 0.069  0.069  0.5172 0.3103]
 [0.2258 0.2258 0.1613 0.2581 0.129 ]]

 PHY-K328,K332,K334-5cls-28chn validation:
{'acc': 0.5113148250783695, 'f1': 0.5729224670609473, 'kappa': 0.46120883878872065}
PHY-K328,K332,K334-5cls-28chn validation confusion_matrix:
[[0.9532 0.0068 0.0018 0.0068 0.0314]
 [0.1636 0.4826 0.0832 0.1159 0.1547]
 [0.1233 0.2703 0.1504 0.2473 0.2087]
 [0.1535 0.093  0.0527 0.386  0.3147]
 [0.1808 0.0455 0.0258 0.1636 0.5843]]
testing on K328...
PHY-K328,K332,K334-5cls-28chn test:
{'acc': 0.3793650793650794, 'f1': 0.5620411859032176, 'kappa': 0.38557244422652615}
PHY-K328,K332,K334-5cls-28chn test confusion_matrix:
[[1.     0.     0.     0.     0.    ]
 [0.2321 0.1607 0.1964 0.2857 0.125 ]
 [0.377  0.2295 0.     0.     0.3934]
 [0.0938 0.125  0.0625 0.125  0.5938]
 [0.2778 0.     0.     0.1111 0.6111]]
testing on K332...
PHY-K328,K332,K334-5cls-28chn test:
{'acc': 0.4768438083478701, 'f1': 0.6357908875992101, 'kappa': 0.4747410503361803}
PHY-K328,K332,K334-5cls-28chn test confusion_matrix:
[[0.9686 0.     0.     0.0063 0.0252]
 [0.0175 0.1754 0.1579 0.614  0.0351]
 [0.0164 0.0984 0.2787 0.459  0.1475]
 [0.0385 0.1923 0.0385 0.3846 0.3462]
 [0.0385 0.     0.0385 0.3462 0.5769]]
testing on K334...
PHY-K328,K332,K334-5cls-28chn test:
{'acc': 0.3136933924932765, 'f1': 0.2608503325755397, 'kappa': 0.14845078979343862}
PHY-K328,K332,K334-5cls-28chn test confusion_matrix:
[[0.9275 0.     0.     0.029  0.0435]
 [0.6056 0.0986 0.0704 0.0986 0.1268]
 [0.4133 0.0667 0.1067 0.3067 0.1067]
 [0.5278 0.0278 0.0278 0.2778 0.1389]
 [0.7368 0.0526 0.0263 0.0263 0.1579]]

PHY-K335,K336,K337-5cls-28chn validation:
{'acc': 0.5224011056483069, 'f1': 0.60168452408469, 'kappa': 0.48171441345207044}
PHY-K335,K336,K337-5cls-28chn validation confusion_matrix:
[[0.9484 0.0098 0.0025 0.0095 0.0298]
 [0.1296 0.4787 0.1468 0.1248 0.12  ]
 [0.1067 0.2412 0.2446 0.2323 0.1753]
 [0.1402 0.0732 0.0872 0.3925 0.3069]
 [0.1618 0.0539 0.0453 0.1912 0.5478]]
testing on K335...
PHY-K335,K336,K337-5cls-28chn test:
{'acc': 0.40526852978465877, 'f1': 0.36085734347664866, 'kappa': 0.25674444794064555}
PHY-K335,K336,K337-5cls-28chn test confusion_matrix:
[[1.     0.     0.     0.     0.    ]
 [0.1892 0.2162 0.2297 0.1351 0.2297]
 [0.0286 0.0429 0.1286 0.4    0.4   ]
 [0.2903 0.0323 0.0645 0.3226 0.2903]
 [0.4103 0.     0.     0.2308 0.359 ]]
testing on K336...
PHY-K335,K336,K337-5cls-28chn test:
{'acc': 0.47752418834440374, 'f1': 0.46354241633890086, 'kappa': 0.3647723440134907}
PHY-K335,K336,K337-5cls-28chn test confusion_matrix:
[[0.9859 0.     0.0141 0.     0.    ]
 [0.0909 0.2364 0.1455 0.2727 0.2545]
 [0.0946 0.1216 0.2162 0.2297 0.3378]
 [0.0541 0.     0.     0.2432 0.7027]
 [0.1765 0.     0.     0.1176 0.7059]]
testing on K337...
PHY-K335,K336,K337-5cls-28chn test:
{'acc': 0.3725701404729538, 'f1': 0.4840698706119939, 'kappa': 0.3386252284372092}
PHY-K335,K336,K337-5cls-28chn test confusion_matrix:
[[1.     0.     0.     0.     0.    ]
 [0.2206 0.1471 0.0147 0.2353 0.3824]
 [0.0435 0.4058 0.1159 0.3768 0.058 ]
 [0.027  0.3243 0.1892 0.4054 0.0541]
 [0.     0.3889 0.2778 0.1389 0.1944]]

 PHY-K339,K354,K358-5cls-28chn validation:
{'acc': 0.5161908426290671, 'f1': 0.5861052965327201, 'kappa': 0.46596691502054577}
PHY-K339,K354,K358-5cls-28chn validation confusion_matrix:
[[0.9464 0.0102 0.0029 0.0128 0.0277]
 [0.1433 0.439  0.1735 0.1454 0.0988]
 [0.1026 0.2316 0.2309 0.2647 0.1702]
 [0.1352 0.0755 0.0629 0.4214 0.305 ]
 [0.1547 0.056  0.0512 0.1949 0.5432]]
testing on K339...
PHY-K339,K354,K358-5cls-28chn test:
{'acc': 0.4588968473622364, 'f1': 0.7389736151298492, 'kappa': 0.5224585130814168}
PHY-K339,K354,K358-5cls-28chn test confusion_matrix:
[[0.9616 0.     0.0026 0.0077 0.0281]
 [0.     0.3289 0.2237 0.25   0.1974]
 [0.     0.1875 0.1406 0.3438 0.3281]
 [0.     0.1622 0.2162 0.2162 0.4054]
 [0.0294 0.     0.0882 0.2353 0.6471]]
testing on K354...
PHY-K339,K354,K358-5cls-28chn test:
{'acc': 0.28339757017176376, 'f1': 0.30624394010585143, 'kappa': 0.17401178216486035}
PHY-K339,K354,K358-5cls-28chn test confusion_matrix:
[[0.9839 0.     0.     0.     0.0161]
 [0.0714 0.0536 0.0357 0.3571 0.4821]
 [0.1455 0.1091 0.2545 0.2727 0.2182]
 [0.3438 0.0312 0.0312 0.125  0.4688]
 [1.     0.     0.     0.     0.    ]]
testing on K358...
PHY-K339,K354,K358-5cls-28chn test:
{'acc': 0.5632544655595503, 'f1': 0.7682315359034986, 'kappa': 0.6053575011121481}
PHY-K339,K354,K358-5cls-28chn test confusion_matrix:
[[0.9864 0.0034 0.     0.     0.0102]
 [0.04   0.58   0.1    0.2    0.08  ]
 [0.0545 0.4    0.1091 0.3273 0.1091]
 [0.0741 0.1111 0.037  0.7407 0.037 ]
 [0.0333 0.     0.0667 0.5    0.4   ]]

training PHY-K359,K360,K362-5cls-28chn done - time: 0:19:08.409390s
PHY-K359,K360,K362-5cls-28chn validation:
{'acc': 0.5166041557550511, 'f1': 0.5851378135741907, 'kappa': 0.47075124624668396}
PHY-K359,K360,K362-5cls-28chn validation confusion_matrix:
[[0.9464 0.0125 0.0022 0.0084 0.0305]
 [0.1366 0.5182 0.116  0.1332 0.0961]
 [0.1043 0.3277 0.1977 0.2085 0.1618]
 [0.1324 0.1277 0.0607 0.3785 0.3006]
 [0.1579 0.0673 0.0551 0.1775 0.5422]]
testing on K359...
PHY-K359,K360,K362-5cls-28chn test:
{'acc': 0.5185401459854014, 'f1': 0.7431321991810895, 'kappa': 0.5721910035610525}
PHY-K359,K360,K362-5cls-28chn test confusion_matrix:
[[0.9927 0.0036 0.0036 0.     0.    ]
 [0.0556 0.1111 0.3704 0.1111 0.3519]
 [0.037  0.2222 0.4815 0.1667 0.0926]
 [0.     0.4    0.2    0.2667 0.1333]
 [0.037  0.     0.0741 0.1481 0.7407]]
testing on K360...
PHY-K359,K360,K362-5cls-28chn test:
{'acc': 0.4590207939031469, 'f1': 0.6107057406167014, 'kappa': 0.4031619870410367}
PHY-K359,K360,K362-5cls-28chn test confusion_matrix:
[[0.8467 0.05   0.0233 0.04   0.04  ]
 [0.0571 0.0857 0.2143 0.4143 0.2286]
 [0.0278 0.1667 0.0972 0.5278 0.1806]
 [0.     0.0541 0.027  0.3243 0.5946]
 [0.0294 0.     0.     0.0294 0.9412]]
testing on K362...
PHY-K359,K360,K362-5cls-28chn test:
{'acc': 0.5179549143801532, 'f1': 0.7059954209909823, 'kappa': 0.5768693152082465}
PHY-K359,K360,K362-5cls-28chn test confusion_matrix:
[[0.9719 0.014  0.     0.0105 0.0035]
 [0.027  0.9054 0.0541 0.     0.0135]
 [0.0986 0.4648 0.0704 0.2254 0.1408]
 [0.3714 0.1143 0.1714 0.1714 0.1714]
 [0.1176 0.0882 0.     0.3235 0.4706]]

 PHY-K365,K366,K368-5cls-28chn validation:
{'acc': 0.5208761121005419, 'f1': 0.5886185124728947, 'kappa': 0.47727434805852664}
PHY-K365,K366,K368-5cls-28chn validation confusion_matrix:
[[0.9416 0.013  0.0018 0.0086 0.035 ]
 [0.1311 0.5659 0.1031 0.099  0.101 ]
 [0.1062 0.341  0.1793 0.2091 0.1644]
 [0.1391 0.119  0.0541 0.374  0.3138]
 [0.162  0.0724 0.0528 0.1693 0.5436]]
testing on K365...
PHY-K365,K366,K368-5cls-28chn test:
{'acc': 0.5596039279869067, 'f1': 0.5281508809912172, 'kappa': 0.46419114669324946}
PHY-K365,K366,K368-5cls-28chn test confusion_matrix:
[[0.9423 0.     0.     0.0385 0.0192]
 [0.0213 0.7234 0.     0.1702 0.0851]
 [0.1    0.32   0.08   0.4    0.1   ]
 [0.0385 0.     0.     0.6923 0.2692]
 [0.12   0.04   0.04   0.44   0.36  ]]
testing on K366...
PHY-K365,K366,K368-5cls-28chn test:
{'acc': 0.5627378851936926, 'f1': 0.7505224212032902, 'kappa': 0.6474634231643577}
PHY-K365,K366,K368-5cls-28chn test confusion_matrix:
[[1.     0.     0.     0.     0.    ]
 [0.0139 0.9444 0.0417 0.     0.    ]
 [0.0294 0.1912 0.0441 0.2353 0.5   ]
 [0.     0.5484 0.     0.1935 0.2581]
 [0.0263 0.1316 0.1053 0.1053 0.6316]]
testing on K368...
PHY-K365,K366,K368-5cls-28chn test:
{'acc': 0.3024842647727418, 'f1': 0.5481670774483266, 'kappa': 0.3341156989639352}
PHY-K365,K366,K368-5cls-28chn test confusion_matrix:
[[0.8918 0.0173 0.     0.0346 0.0563]
 [0.0294 0.4559 0.2647 0.0588 0.1912]
 [0.1233 0.3699 0.137  0.1507 0.2192]
 [0.1389 0.6667 0.     0.0278 0.1667]
 [0.3514 0.4595 0.1081 0.0811 0.    ]]

 PHY-K370,K372,K373-5cls-28chn validation:
{'acc': 0.5275325318712365, 'f1': 0.5994051754974781, 'kappa': 0.4846528321781095}
PHY-K370,K372,K373-5cls-28chn validation confusion_matrix:
[[0.9548 0.0103 0.0015 0.0088 0.0246]
 [0.1409 0.5103 0.1368 0.1183 0.0937]
 [0.1092 0.2739 0.2427 0.2366 0.1376]
 [0.142  0.1065 0.0818 0.4012 0.2685]
 [0.1673 0.0647 0.0549 0.1844 0.5287]]
testing on K370...
PHY-K370,K372,K373-5cls-28chn test:
{'acc': 0.41311187485044965, 'f1': 0.6392377837422987, 'kappa': 0.4094317240761879}
PHY-K370,K372,K373-5cls-28chn test confusion_matrix:
[[0.91   0.     0.     0.0277 0.0623]
 [0.1607 0.2143 0.0893 0.2679 0.2679]
 [0.029  0.4058 0.087  0.3478 0.1304]
 [0.1613 0.0323 0.0645 0.6129 0.129 ]
 [0.3103 0.     0.2069 0.2414 0.2414]]
testing on K372...
PHY-K370,K372,K373-5cls-28chn test:
{'acc': 0.6334127955072413, 'f1': 0.7505687098638406, 'kappa': 0.648763038127114}
PHY-K370,K372,K373-5cls-28chn test confusion_matrix:
[[0.9913 0.     0.     0.     0.0087]
 [0.0149 0.7761 0.1343 0.0149 0.0597]
 [0.0984 0.377  0.1148 0.1475 0.2623]
 [0.0606 0.     0.0909 0.4848 0.3636]
 [0.2    0.     0.     0.     0.8   ]]
testing on K373...
PHY-K370,K372,K373-5cls-28chn test:
{'acc': 0.38083478710344376, 'f1': 0.6323328918117861, 'kappa': 0.4410422800710646}
PHY-K370,K372,K373-5cls-28chn test confusion_matrix:
[[1.     0.     0.     0.     0.    ]
 [0.0299 0.2388 0.1791 0.2537 0.2985]
 [0.0758 0.6061 0.0606 0.0909 0.1667]
 [0.     0.5357 0.     0.0714 0.3929]
 [0.0333 0.3    0.     0.1333 0.5333]]

 PHY-K374,K375-5cls-28chn validation:
{'acc': 0.5357283907948123, 'f1': 0.6043297252086502, 'kappa': 0.48610036798132783}
PHY-K374,K375-5cls-28chn validation confusion_matrix:
[[0.9198 0.0165 0.0025 0.0137 0.0474]
 [0.1215 0.5213 0.135  0.108  0.1141]
 [0.0794 0.281  0.2517 0.223  0.1649]
 [0.1101 0.0933 0.0994 0.4327 0.2645]
 [0.1159 0.0616 0.0507 0.2186 0.5531]]
testing on K374...
PHY-K374,K375-5cls-28chn test:
{'acc': 0.4779395147889664, 'f1': 0.6940426805345721, 'kappa': 0.5175977880783931}
PHY-K374,K375-5cls-28chn test confusion_matrix:
[[0.9407 0.0042 0.0169 0.0212 0.0169]
 [0.0147 0.3824 0.4559 0.0882 0.0588]
 [0.0308 0.1231 0.4    0.3231 0.1231]
 [0.0588 0.     0.0882 0.5    0.3529]
 [0.1333 0.     0.1    0.6    0.1667]]
testing on K375...
PHY-K374,K375-5cls-28chn test:
{'acc': 0.5965616968972445, 'f1': 0.6814526828006425, 'kappa': 0.5921378937805386}
PHY-K374,K375-5cls-28chn test confusion_matrix:
[[0.9795 0.     0.0068 0.     0.0137]
 [0.082  0.7705 0.1311 0.     0.0164]
 [0.2    0.1538 0.2615 0.1692 0.2154]
 [0.1613 0.     0.0323 0.1935 0.6129]
 [0.2222 0.     0.     0.     0.7778]]
