VIN_ALS_ALS03_t1-3classes-28channels validation:
{'acc': 0.3149685711605216, 'f1': 0.40818523920128214, 'kappa': 0.04314314314314305}
VIN_ALS_ALS03_t1-3classes-28channels validation confusion_matrix:
[[0.4342 0.1579 0.4079]
 [0.2059 0.1471 0.6471]
 [0.3636 0.2727 0.3636]]
testing on ALS03_t1...
VIN_ALS_ALS03_t1-3classes-28channels test:
{'acc': 0.3149685711605216, 'f1': 0.40818523920128214, 'kappa': 0.04314314314314305}
VIN_ALS_ALS03_t1-3classes-28channels test confusion_matrix:
[[0.4342 0.1579 0.4079]
 [0.2059 0.1471 0.6471]
 [0.3636 0.2727 0.3636]]


VIN_ALS_ALS03_t2-3classes-28channels validation:
{'acc': 0.6241278667220572, 'f1': 0.6267405518887835, 'kappa': 0.4388254486133768}
VIN_ALS_ALS03_t2-3classes-28channels validation confusion_matrix:
[[0.7213 0.0328 0.2459]
 [0.2593 0.537  0.2037]
 [0.2281 0.1579 0.614 ]]
testing on ALS03_t2...
VIN_ALS_ALS03_t2-3classes-28channels test:
{'acc': 0.6241278667220572, 'f1': 0.6267405518887835, 'kappa': 0.4388254486133768}
VIN_ALS_ALS03_t2-3classes-28channels test confusion_matrix:
[[0.7213 0.0328 0.2459]
 [0.2593 0.537  0.2037]
 [0.2281 0.1579 0.614 ]]


VIN_ALS_ALS03_t3-3classes-28channels validation:
{'acc': 0.6160536435198499, 'f1': 0.5857816399728931, 'kappa': 0.4130871136089924}
VIN_ALS_ALS03_t3-3classes-28channels validation confusion_matrix:
[[0.9074 0.     0.0926]
 [0.1639 0.3443 0.4918]
 [0.3684 0.0351 0.5965]]
testing on ALS03_t3...
VIN_ALS_ALS03_t3-3classes-28channels test:
{'acc': 0.6160536435198499, 'f1': 0.5857816399728931, 'kappa': 0.4130871136089924}
VIN_ALS_ALS03_t3-3classes-28channels test confusion_matrix:
[[0.9074 0.     0.0926]
 [0.1639 0.3443 0.4918]
 [0.3684 0.0351 0.5965]]


VIN_ALS_ALS03_t4-3classes-28channels validation:
{'acc': 0.4853711989976211, 'f1': 0.49005471753918955, 'kappa': 0.23232804863511747}
VIN_ALS_ALS03_t4-3classes-28channels validation confusion_matrix:
[[0.3488 0.1395 0.5116]
 [0.1404 0.386  0.4737]
 [0.0984 0.1803 0.7213]]
testing on ALS03_t4...
VIN_ALS_ALS03_t4-3classes-28channels test:
{'acc': 0.4853711989976211, 'f1': 0.49005471753918955, 'kappa': 0.23232804863511747}
VIN_ALS_ALS03_t4-3classes-28channels test confusion_matrix:
[[0.3488 0.1395 0.5116]
 [0.1404 0.386  0.4737]
 [0.0984 0.1803 0.7213]]


VIN_ALS_ALS03_t5-3classes-28channels validation:
{'acc': 0.5079808287396191, 'f1': 0.4792581021237879, 'kappa': 0.2504601509295048}
VIN_ALS_ALS03_t5-3classes-28channels validation confusion_matrix:
[[0.4478 0.2388 0.3134]
 [0.1803 0.3115 0.5082]
 [0.1765 0.0588 0.7647]]
testing on ALS03_t5...
VIN_ALS_ALS03_t5-3classes-28channels test:
{'acc': 0.5079808287396191, 'f1': 0.4792581021237879, 'kappa': 0.2504601509295048}
VIN_ALS_ALS03_t5-3classes-28channels test confusion_matrix:
[[0.4478 0.2388 0.3134]
 [0.1803 0.3115 0.5082]
 [0.1765 0.0588 0.7647]]


VIN_ALS_ALS03_t6-3classes-28channels validation:
{'acc': 0.42318007662835244, 'f1': 0.3676223669720472, 'kappa': 0.135589034329464}
VIN_ALS_ALS03_t6-3classes-28channels validation confusion_matrix:
[[0.3333 0.0175 0.6491]
 [0.1552 0.0862 0.7586]
 [0.1    0.05   0.85  ]]
testing on ALS03_t6...
VIN_ALS_ALS03_t6-3classes-28channels test:
{'acc': 0.42318007662835244, 'f1': 0.3676223669720472, 'kappa': 0.135589034329464}
VIN_ALS_ALS03_t6-3classes-28channels test confusion_matrix:
[[0.3333 0.0175 0.6491]
 [0.1552 0.0862 0.7586]
 [0.1    0.05   0.85  ]]


VIN_ALS_ALS03_t7-3classes-28channels validation:
{'acc': 0.39724627224627224, 'f1': 0.2925803563272128, 'kappa': 0.02867839760389368}
VIN_ALS_ALS03_t7-3classes-28channels validation confusion_matrix:
[[0.7778 0.     0.2222]
 [0.6    0.1818 0.2182]
 [0.2679 0.5    0.2321]]
testing on ALS03_t7...
VIN_ALS_ALS03_t7-3classes-28channels test:
{'acc': 0.39724627224627224, 'f1': 0.2925803563272128, 'kappa': 0.02867839760389368}
VIN_ALS_ALS03_t7-3classes-28channels test confusion_matrix:
[[0.7778 0.     0.2222]
 [0.6    0.1818 0.2182]
 [0.2679 0.5    0.2321]]


-------------------------------------------
VIN_ALS_ALS03_t1-3classes-28channels validation:
{'acc': 0.3051646495918942, 'f1': 0.39840857678131164, 'kappa': 0.03325676620393503}
VIN_ALS_ALS03_t1-3classes-28channels validation confusion_matrix:
[[0.4342 0.1579 0.4079]
 [0.2059 0.1176 0.6765]
 [0.3636 0.2727 0.3636]]
testing on ALS03_t1...
VIN_ALS_ALS03_t1-3classes-28channels test:
{'acc': 0.3051646495918942, 'f1': 0.39840857678131164, 'kappa': 0.03325676620393503}
VIN_ALS_ALS03_t1-3classes-28channels test confusion_matrix:
[[0.4342 0.1579 0.4079]
 [0.2059 0.1176 0.6765]
 [0.3636 0.2727 0.3636]]


VIN_ALS_ALS03_t2-3classes-28channels validation:
{'acc': 0.6595404723101014, 'f1': 0.6618921701043295, 'kappa': 0.49205702647657845}
VIN_ALS_ALS03_t2-3classes-28channels validation confusion_matrix:
[[0.7213 0.0328 0.2459]
 [0.2222 0.5556 0.2222]
 [0.1579 0.1404 0.7018]]
testing on ALS03_t2...
VIN_ALS_ALS03_t2-3classes-28channels test:
{'acc': 0.6595404723101014, 'f1': 0.6618921701043295, 'kappa': 0.49205702647657845}
VIN_ALS_ALS03_t2-3classes-28channels test confusion_matrix:
[[0.7213 0.0328 0.2459]
 [0.2222 0.5556 0.2222]
 [0.1579 0.1404 0.7018]]


VIN_ALS_ALS03_t3-3classes-28channels validation:
{'acc': 0.5542932924296169, 'f1': 0.5066984694891672, 'kappa': 0.32093953023488264}
VIN_ALS_ALS03_t3-3classes-28channels validation confusion_matrix:
[[0.9444 0.     0.0556]
 [0.377  0.2623 0.3607]
 [0.4912 0.0526 0.4561]]
testing on ALS03_t3...
VIN_ALS_ALS03_t3-3classes-28channels test:
{'acc': 0.5542932924296169, 'f1': 0.5066984694891672, 'kappa': 0.32093953023488264}
VIN_ALS_ALS03_t3-3classes-28channels test confusion_matrix:
[[0.9444 0.     0.0556]
 [0.377  0.2623 0.3607]
 [0.4912 0.0526 0.4561]]


VIN_ALS_ALS03_t3-3classes-28channels validation:
{'acc': 0.5708039071570852, 'f1': 0.5303555475295123, 'kappa': 0.34469621014638063}
VIN_ALS_ALS03_t3-3classes-28channels validation confusion_matrix:
[[0.9074 0.     0.0926]
 [0.1967 0.2787 0.5246]
 [0.4035 0.0702 0.5263]]
testing on ALS03_t3...
VIN_ALS_ALS03_t3-3classes-28channels test:
{'acc': 0.5708039071570852, 'f1': 0.5303555475295123, 'kappa': 0.34469621014638063}
VIN_ALS_ALS03_t3-3classes-28channels test confusion_matrix:
[[0.9074 0.     0.0926]
 [0.1967 0.2787 0.5246]
 [0.4035 0.0702 0.5263]]


VIN_ALS_ALS03_t4-3classes-28channels validation:
{'acc': 0.48460425431350646, 'f1': 0.48729801952173857, 'kappa': 0.2280954093251829}
VIN_ALS_ALS03_t4-3classes-28channels validation confusion_matrix:
[[0.3488 0.093  0.5581]
 [0.0877 0.3509 0.5614]
 [0.082  0.1639 0.7541]]
testing on ALS03_t4...
VIN_ALS_ALS03_t4-3classes-28channels test:
{'acc': 0.48460425431350646, 'f1': 0.48729801952173857, 'kappa': 0.2280954093251829}
VIN_ALS_ALS03_t4-3classes-28channels test confusion_matrix:
[[0.3488 0.093  0.5581]
 [0.0877 0.3509 0.5614]
 [0.082  0.1639 0.7541]]


VIN_ALS_ALS03_t5-3classes-28channels validation:
{'acc': 0.5185131878377319, 'f1': 0.4887352599881148, 'kappa': 0.26807865478268866}
VIN_ALS_ALS03_t5-3classes-28channels validation confusion_matrix:
[[0.4925 0.194  0.3134]
 [0.1639 0.2787 0.5574]
 [0.1569 0.0588 0.7843]]
testing on ALS03_t5...
VIN_ALS_ALS03_t5-3classes-28channels test:
{'acc': 0.5185131878377319, 'f1': 0.4887352599881148, 'kappa': 0.26807865478268866}
VIN_ALS_ALS03_t5-3classes-28channels test confusion_matrix:
[[0.4925 0.194  0.3134]
 [0.1639 0.2787 0.5574]
 [0.1569 0.0588 0.7843]]


VIN_ALS_ALS03_t4-4classes-28channels validation:
{'acc': 0.35603968938740294, 'f1': 0.3325201621603799, 'kappa': 0.15021817170899154}
VIN_ALS_ALS03_t4-4classes-28channels validation confusion_matrix:
[[0.5053 0.0632 0.0316 0.4   ]
 [0.0965 0.1579 0.1842 0.5614]
 [0.1404 0.1228 0.1053 0.6316]
 [0.1311 0.0656 0.1475 0.6557]]
testing on ALS03_t4...
VIN_ALS_ALS03_t4-4classes-28channels test:
{'acc': 0.35603968938740294, 'f1': 0.3325201621603799, 'kappa': 0.15021817170899154}
VIN_ALS_ALS03_t4-4classes-28channels test confusion_matrix:
[[0.5053 0.0632 0.0316 0.4   ]
 [0.0965 0.1579 0.1842 0.5614]
 [0.1404 0.1228 0.1053 0.6316]
 [0.1311 0.0656 0.1475 0.6557]]


VIN_ALS_ALS03_t6-3classes-28channels validation:
{'acc': 0.44675337769711637, 'f1': 0.4121979563213785, 'kappa': 0.17069799585348988}
VIN_ALS_ALS03_t6-3classes-28channels validation confusion_matrix:
[[0.3684 0.0175 0.614 ]
 [0.1207 0.1552 0.7241]
 [0.1167 0.0667 0.8167]]
testing on ALS03_t6...
VIN_ALS_ALS03_t6-3classes-28channels test:
{'acc': 0.44675337769711637, 'f1': 0.4121979563213785, 'kappa': 0.17069799585348988}
VIN_ALS_ALS03_t6-3classes-28channels test confusion_matrix:
[[0.3684 0.0175 0.614 ]
 [0.1207 0.1552 0.7241]
 [0.1167 0.0667 0.8167]]


VIN_ALS_ALS03_t7-3classes-28channels validation:
{'acc': 0.3790564373897707, 'f1': 0.2784179146985647, 'kappa': 0.008011980531636098}
VIN_ALS_ALS03_t7-3classes-28channels validation confusion_matrix:
[[0.7407 0.     0.2593]
 [0.5636 0.2    0.2364]
 [0.3214 0.4821 0.1964]]
testing on ALS03_t7...
VIN_ALS_ALS03_t7-3classes-28channels test:
{'acc': 0.3790564373897707, 'f1': 0.2784179146985647, 'kappa': 0.008011980531636098}
VIN_ALS_ALS03_t7-3classes-28channels test confusion_matrix:
[[0.7407 0.     0.2593]
 [0.5636 0.2    0.2364]
 [0.3214 0.4821 0.1964]]
