VIN_ALS_ALS05_t1-4classes-28channels validation:
{'acc': 0.55126926721118, 'f1': 0.758584150881657, 'kappa': 0.497356509365685}
VIN_ALS_ALS05_t1-4classes-28channels validation confusion_matrix:
[[0.7909 0.0871 0.0697 0.0523]
 [0.0526 0.8596 0.0526 0.0351]
 [0.     0.6538 0.3462 0.    ]
 [0.0417 0.5417 0.2083 0.2083]]
testing on ALS05_t1...
VIN_ALS_ALS05_t1-4classes-28channels test:
{'acc': 0.55126926721118, 'f1': 0.758584150881657, 'kappa': 0.497356509365685}
VIN_ALS_ALS05_t1-4classes-28channels test confusion_matrix:
[[0.7909 0.0871 0.0697 0.0523]
 [0.0526 0.8596 0.0526 0.0351]
 [0.     0.6538 0.3462 0.    ]
 [0.0417 0.5417 0.2083 0.2083]]


VIN_ALS_ALS05_t1-4classes-28channels validation:
{'acc': 0.5267538275802075, 'f1': 0.7476286743005548, 'kappa': 0.4719656911718122}
VIN_ALS_ALS05_t1-4classes-28channels validation confusion_matrix:
[[0.784  0.0976 0.0627 0.0557]
 [0.0526 0.807  0.0877 0.0526]
 [0.     0.6923 0.3077 0.    ]
 [0.0417 0.4583 0.2917 0.2083]]
testing on ALS05_t1...
VIN_ALS_ALS05_t1-4classes-28channels test:
{'acc': 0.5267538275802075, 'f1': 0.7476286743005548, 'kappa': 0.4719656911718122}
VIN_ALS_ALS05_t1-4classes-28channels test confusion_matrix:
[[0.784  0.0976 0.0627 0.0557]
 [0.0526 0.807  0.0877 0.0526]
 [0.     0.6923 0.3077 0.    ]
 [0.0417 0.4583 0.2917 0.2083]]


VIN_ALS_ALS05_t2-4classes-28channels validation:
{'acc': 0.4902676053699072, 'f1': 0.6746156389485866, 'kappa': 0.4252388696889612}
VIN_ALS_ALS05_t2-4classes-28channels validation confusion_matrix:
[[0.8447 0.0745 0.0621 0.0186]
 [0.1569 0.4902 0.2353 0.1176]
 [0.32   0.32   0.28   0.08  ]
 [0.3462 0.2308 0.0769 0.3462]]
testing on ALS05_t2...
VIN_ALS_ALS05_t2-4classes-28channels test:
{'acc': 0.4902676053699072, 'f1': 0.6746156389485866, 'kappa': 0.4252388696889612}
VIN_ALS_ALS05_t2-4classes-28channels test confusion_matrix:
[[0.8447 0.0745 0.0621 0.0186]
 [0.1569 0.4902 0.2353 0.1176]
 [0.32   0.32   0.28   0.08  ]
 [0.3462 0.2308 0.0769 0.3462]]


VIN_ALS_ALS05_t2-4classes-28channels validation:
{'acc': 0.4779787433367996, 'f1': 0.6672215547537516, 'kappa': 0.4190983385279897}
VIN_ALS_ALS05_t2-4classes-28channels validation confusion_matrix:
[[0.8137 0.087  0.0621 0.0373]
 [0.0784 0.549  0.2157 0.1569]
 [0.28   0.36   0.28   0.08  ]
 [0.2692 0.3462 0.1154 0.2692]]
testing on ALS05_t2...
VIN_ALS_ALS05_t2-4classes-28channels test:
{'acc': 0.4779787433367996, 'f1': 0.6672215547537516, 'kappa': 0.4190983385279897}
VIN_ALS_ALS05_t2-4classes-28channels test confusion_matrix:
[[0.8137 0.087  0.0621 0.0373]
 [0.0784 0.549  0.2157 0.1569]
 [0.28   0.36   0.28   0.08  ]
 [0.2692 0.3462 0.1154 0.2692]]


VIN_ALS_ALS05_t2-4classes-28channels validation:
{'acc': 0.4728256653832102, 'f1': 0.6721980807532137, 'kappa': 0.4286178049694094}
VIN_ALS_ALS05_t2-4classes-28channels validation confusion_matrix:
[[0.8323 0.0745 0.0683 0.0248]
 [0.0784 0.5882 0.1961 0.1373]
 [0.32   0.36   0.24   0.08  ]
 [0.3077 0.3846 0.0769 0.2308]]
testing on ALS05_t2...
VIN_ALS_ALS05_t2-4classes-28channels test:
{'acc': 0.4728256653832102, 'f1': 0.6721980807532137, 'kappa': 0.4286178049694094}
VIN_ALS_ALS05_t2-4classes-28channels test confusion_matrix:
[[0.8323 0.0745 0.0683 0.0248]
 [0.0784 0.5882 0.1961 0.1373]
 [0.32   0.36   0.24   0.08  ]
 [0.3077 0.3846 0.0769 0.2308]]


VIN_ALS_ALS05_t3-4classes-28channels validation:
{'acc': 0.4756597661188369, 'f1': 0.5452507830614652, 'kappa': 0.35357457824812955}
VIN_ALS_ALS05_t3-4classes-28channels validation confusion_matrix:
[[0.8625 0.0125 0.     0.125 ]
 [0.0354 0.5044 0.2655 0.1947]
 [0.0179 0.0536 0.1786 0.75  ]
 [0.0357 0.1071 0.5    0.3571]]
testing on ALS05_t3...
VIN_ALS_ALS05_t3-4classes-28channels test:
{'acc': 0.4756597661188369, 'f1': 0.5452507830614652, 'kappa': 0.35357457824812955}
VIN_ALS_ALS05_t3-4classes-28channels test confusion_matrix:
[[0.8625 0.0125 0.     0.125 ]
 [0.0354 0.5044 0.2655 0.1947]
 [0.0179 0.0536 0.1786 0.75  ]
 [0.0357 0.1071 0.5    0.3571]]


VIN_ALS_ALS05_t3-4classes-28channels validation:
{'acc': 0.4868402338811631, 'f1': 0.5502562103156445, 'kappa': 0.36336528221512243}
VIN_ALS_ALS05_t3-4classes-28channels validation confusion_matrix:
[[0.8625 0.     0.0125 0.125 ]
 [0.0531 0.4956 0.2566 0.1947]
 [0.0179 0.0536 0.2143 0.7143]
 [0.0357 0.0893 0.5    0.375 ]]
testing on ALS05_t3...
VIN_ALS_ALS05_t3-4classes-28channels test:
{'acc': 0.4868402338811631, 'f1': 0.5502562103156445, 'kappa': 0.36336528221512243}
VIN_ALS_ALS05_t3-4classes-28channels test confusion_matrix:
[[0.8625 0.     0.0125 0.125 ]
 [0.0531 0.4956 0.2566 0.1947]
 [0.0179 0.0536 0.2143 0.7143]
 [0.0357 0.0893 0.5    0.375 ]]


VIN_ALS_ALS05_t4-4classes-28channels validation:
{'acc': 0.470567257734167, 'f1': 0.4673822712626271, 'kappa': 0.2863982464236272}
VIN_ALS_ALS05_t4-4classes-28channels validation confusion_matrix:
[[0.6981 0.0755 0.1321 0.0943]
 [0.1743 0.5229 0.1651 0.1376]
 [0.1852 0.537  0.0926 0.1852]
 [0.1765 0.0588 0.1961 0.5686]]
testing on ALS05_t4...
VIN_ALS_ALS05_t4-4classes-28channels test:
{'acc': 0.470567257734167, 'f1': 0.4673822712626271, 'kappa': 0.2863982464236272}
VIN_ALS_ALS05_t4-4classes-28channels test confusion_matrix:
[[0.6981 0.0755 0.1321 0.0943]
 [0.1743 0.5229 0.1651 0.1376]
 [0.1852 0.537  0.0926 0.1852]
 [0.1765 0.0588 0.1961 0.5686]]


VIN_ALS_ALS05_t4-4classes-28channels validation:
{'acc': 0.4718242614107555, 'f1': 0.48590431396209316, 'kappa': 0.2952068061832961}
VIN_ALS_ALS05_t4-4classes-28channels validation confusion_matrix:
[[0.6415 0.0377 0.2075 0.1132]
 [0.1468 0.5138 0.1927 0.1468]
 [0.2037 0.3889 0.2222 0.1852]
 [0.1373 0.0392 0.3137 0.5098]]
testing on ALS05_t4...
VIN_ALS_ALS05_t4-4classes-28channels test:
{'acc': 0.4718242614107555, 'f1': 0.48590431396209316, 'kappa': 0.2952068061832961}
VIN_ALS_ALS05_t4-4classes-28channels test confusion_matrix:
[[0.6415 0.0377 0.2075 0.1132]
 [0.1468 0.5138 0.1927 0.1468]
 [0.2037 0.3889 0.2222 0.1852]
 [0.1373 0.0392 0.3137 0.5098]]


VIN_ALS_ALS05_t5-4classes-28channels validation:
{'acc': 0.4488885007871939, 'f1': 0.4322850241806644, 'kappa': 0.2684617237736968}
VIN_ALS_ALS05_t5-4classes-28channels validation confusion_matrix:
[[0.9667 0.0167 0.     0.0167]
 [0.156  0.6055 0.2018 0.0367]
 [0.1607 0.7321 0.0536 0.0536]
 [0.2264 0.6038 0.     0.1698]]
testing on ALS05_t5...
VIN_ALS_ALS05_t5-4classes-28channels test:
{'acc': 0.4488885007871939, 'f1': 0.4322850241806644, 'kappa': 0.2684617237736968}
VIN_ALS_ALS05_t5-4classes-28channels test confusion_matrix:
[[0.9667 0.0167 0.     0.0167]
 [0.156  0.6055 0.2018 0.0367]
 [0.1607 0.7321 0.0536 0.0536]
 [0.2264 0.6038 0.     0.1698]]


VIN_ALS_ALS05_t5-4classes-28channels validation:
{'acc': 0.4630843678132496, 'f1': 0.45758794709600437, 'kappa': 0.28565090398195736}
VIN_ALS_ALS05_t5-4classes-28channels validation confusion_matrix:
[[0.95   0.0333 0.     0.0167]
 [0.1101 0.6055 0.2661 0.0183]
 [0.1607 0.7143 0.0893 0.0357]
 [0.2075 0.566  0.0189 0.2075]]
testing on ALS05_t5...
VIN_ALS_ALS05_t5-4classes-28channels test:
{'acc': 0.4630843678132496, 'f1': 0.45758794709600437, 'kappa': 0.28565090398195736}
VIN_ALS_ALS05_t5-4classes-28channels test confusion_matrix:
[[0.95   0.0333 0.     0.0167]
 [0.1101 0.6055 0.2661 0.0183]
 [0.1607 0.7143 0.0893 0.0357]
 [0.2075 0.566  0.0189 0.2075]]


VIN_ALS_ALS05_t6-4classes-28channels validation:
{'acc': 0.5958845208845209, 'f1': 0.6687054508748673, 'kappa': 0.5355472404115996}
VIN_ALS_ALS05_t6-4classes-28channels validation confusion_matrix:
[[0.8108 0.0631 0.0901 0.036 ]
 [0.     0.7909 0.2    0.0091]
 [0.0545 0.2182 0.4182 0.3091]
 [0.0364 0.3636 0.2364 0.3636]]
testing on ALS05_t6...
VIN_ALS_ALS05_t6-4classes-28channels test:
{'acc': 0.5958845208845209, 'f1': 0.6687054508748673, 'kappa': 0.5355472404115996}
VIN_ALS_ALS05_t6-4classes-28channels test confusion_matrix:
[[0.8108 0.0631 0.0901 0.036 ]
 [0.     0.7909 0.2    0.0091]
 [0.0545 0.2182 0.4182 0.3091]
 [0.0364 0.3636 0.2364 0.3636]]


VIN_ALS_ALS05_t6-4classes-28channels validation confusion_matrix:
[[0.8108 0.045  0.0991 0.045 ]
 [0.     0.5727 0.3273 0.1   ]
 [0.0909 0.1818 0.4545 0.2727]
 [0.0727 0.2364 0.1455 0.5455]]
testing on ALS05_t6...
VIN_ALS_ALS05_t6-4classes-28channels test:
{'acc': 0.5958845208845209, 'f1': 0.6432529524347235, 'kappa': 0.4961698862722288}
VIN_ALS_ALS05_t6-4classes-28channels test confusion_matrix:
[[0.8108 0.045  0.0991 0.045 ]
 [0.     0.5727 0.3273 0.1   ]
 [0.0909 0.1818 0.4545 0.2727]
 [0.0727 0.2364 0.1455 0.5455]]
